Case #1: 1
1 1
Case #2: 3
1 3
2 2
3 1
Case #3: 3
1 2
2 1
6 4
Case #4: 0
Case #5: 0
Case #6: 7
3 2
4 5
5 4
1 1
2 3
6 7
7 6
Case #7: 5
1 2
2 1
4 3
5 4
6 6
Case #8: 2
2 8
9 9
Case #9: 8
1 4
2 6
3 10
4 1
5 5
6 2
7 9
8 8
Case #10: 6
1 1
4 2
7 9
8 10
9 8
10 7
Case #11: 5
4 5
6 6
7 7
8 8
9 9
Case #12: 3
3 10
8 9
9 8
Case #13: 5
2 1
3 2
1 3
5 6
9 9
Case #14: 2
5 8
7 9
Case #15: 5
2 8
3 7
4 4
5 3
7 5
Case #16: 6
1 1
2 6
3 2
4 4
5 7
6 3
Case #17: 4
3 3
5 8
7 9
9 10
Case #18: 6
3 7
4 1
5 8
7 2
9 6
8 3
Case #19: 10
1 8
2 1
3 3
4 2
5 10
6 7
7 9
8 6
9 4
10 5
Case #20: 9
2 2
3 10
4 3
5 8
6 9
7 7
8 6
9 4
10 5
Case #21: 9
1 9
2 6
3 3
4 1
5 8
6 2
7 5
8 7
10 4
Case #22: 3
1 10
2 2
3 7
Case #23: 4
1 1
2 2
3 3
6 10
Case #24: 7
1 6
2 7
3 5
4 8
5 9
10 1
6 2
Case #25: 8
1 1
2 2
3 3
4 4
5 5
6 6
7 7
8 8
Case #26: 5
1 2
2 3
6 6
7 9
9 10
Case #27: 5
1 1
2 2
3 3
4 4
5 5
Case #28: 3
7 8
8 9
9 10
Case #29: 5
1 7
3 8
5 2
6 5
9 10
Case #30: 9
2 3
3 2
4 6
5 4
6 9
7 5
8 7
9 8
10 10
Case #31: 3
3 10
4 9
5 8
Case #32: 7
2 2
3 6
4 7
5 4
6 9
7 5
8 3
Case #33: 6
1 4
2 7
3 1
5 6
6 9
9 8
Case #34: 7
3 1
4 2
5 6
6 5
7 9
8 7
9 3
Case #35: 9
1 1
3 2
4 7
5 9
6 10
8 3
9 5
2 4
10 8
Case #36: 4
1 1
4 7
5 5
6 10
Case #37: 7
1 8
2 9
3 7
4 6
5 4
6 5
9 10
Case #38: 0
Case #39: 10
1 6
2 2
3 5
4 7
5 8
6 3
7 10
8 9
9 4
10 1
Case #40: 1
2 2
Case #41: 1
2 4
Case #42: 9
1 5
3 4
4 1
2 3
5 6
6 7
7 8
8 9
9 10
Case #43: 2
1 1
10 8
Case #44: 10
1 1
2 8
3 7
4 2
5 3
6 4
7 6
8 5
9 10
10 9
Case #45: 9
1 1
2 8
3 2
5 6
7 5
8 4
9 10
10 9
6 7
Case #46: 8
1 8
2 1
3 5
5 6
6 2
7 3
8 9
9 4
Case #47: 10
1 10
2 2
3 1
4 7
5 3
6 5
7 8
8 6
9 4
10 9
Case #48: 2
3 1
4 9
Case #49: 1
3 3
Case #50: 2
1 1
10 10
Case #51: 4
2 1
3 2
4 9
5 10
Case #52: 7
1 1
2 2
4 5
5 8
6 4
7 10
9 9
Case #53: 0
Case #54: 8
1 3
2 2
4 4
5 9
6 6
7 7
8 10
9 8
Case #55: 3
1 1
3 2
4 3
Case #56: 10
1 2
2 4
3 1
4 3
7 9
8 10
9 6
6 8
10 5
5 7
Case #57: 8
1 1
2 2
5 3
6 7
7 10
8 9
9 8
10 5
Case #58: 4
3 7
4 9
5 8
7 10
Case #59: 9
1 9
3 8
4 4
5 5
6 1
7 2
8 6
9 3
10 7
Case #60: 5
2 2
3 3
7 6
8 9
9 7
Case #61: 4
1 5
3 8
4 7
5 6
Case #62: 3
1 5
3 1
4 2
Case #63: 4
2 4
3 2
4 3
5 5
Case #64: 8
1 1
2 2
3 6
4 7
5 4
6 5
8 8
9 3
Case #65: 4
2 1
3 2
4 3
5 5
Case #66: 4
1 1
4 4
5 5
7 10
Case #67: 6
1 1
3 4
5 6
7 9
9 8
10 10
Case #68: 2
1 1
2 2
Case #69: 3
1 1
6 9
9 10
Case #70: 8
1 8
2 2
3 3
5 10
6 4
7 5
8 9
9 1
Case #71: 2
5 2
7 3
Case #72: 9
1 3
2 5
3 10
4 7
5 8
6 6
7 9
8 2
9 1
Case #73: 10
1 3
2 1
3 4
4 9
5 7
6 6
7 8
8 5
9 2
10 10
Case #74: 5
1 1
2 2
3 9
7 6
8 3
Case #75: 2
3 1
9 9
Case #76: 7
1 3
2 6
3 7
4 5
5 10
6 2
7 1
Case #77: 4
1 5
2 1
3 4
4 3
Case #78: 7
1 1
2 4
3 5
5 10
7 9
8 6
9 7
Case #79: 2
1 1
4 5
Case #80: 3
2 1
4 6
3 8
Case #81: 10
1 9
2 3
3 4
4 1
5 5
6 6
7 8
8 7
9 10
10 2
Case #82: 8
1 8
2 1
3 9
4 10
6 6
7 7
8 4
9 5
Case #83: 8
1 1
2 4
3 5
4 8
5 7
7 9
8 3
9 2
Case #84: 10
1 1
2 2
3 3
4 4
5 5
6 6
7 7
8 8
9 10
10 9
Case #85: 7
3 2
4 5
5 4
6 6
7 8
8 9
9 10
Case #86: 3
4 9
5 1
8 7
Case #87: 9
1 6
2 4
3 5
4 7
5 8
6 9
7 1
8 2
9 3
Case #88: 7
2 7
3 8
4 6
5 9
6 4
7 5
8 1
Case #89: 10
2 6
4 8
5 9
7 7
8 5
9 1
1 3
3 4
10 2
6 10
Case #90: 2
2 2
5 8
Case #91: 9
1 9
2 3
3 4
4 8
5 2
6 7
7 6
8 10
10 5
Case #92: 2
1 1
9 9
Case #93: 3
2 8
3 5
4 6
Case #94: 2
6 4
7 9
Case #95: 2
5 6
7 7
Case #96: 3
3 4
6 1
9 6
Case #97: 2
1 2
2 1
Case #98: 10
1 1
2 2
3 3
4 4
5 5
6 6
7 7
8 9
9 8
10 10
Case #99: 2
1 7
2 2
Case #100: 4
4 2
6 9
7 8
9 10
